15336 0
15337 0
15338 0
15339 0
15340 0
15341 0
15342 0
15343 0
15344 0
15345 0
15346 0
15347 0
15348 0
15349 0
15350 0
15351 0
15352 0
15353 0
15354 0
15355 0
15356 0
15357 0
15358 0
15359 0
15360 0
15361 0
15362 0
15363 0
15364 0
15365 0
15366 0
15367 0
15368 0
15369 0
15370 0
15371 0
15372 0
15373 0
15374 0
15375 0
15376 0
15377 0
15378 0
15379 0
15380 0
15381 0
15382 0
15383 0
15384 0
15385 0
15386 0
15387 0
15388 0
15389 0
15390 0
15391 0
15392 0
15393 0
15394 0
15395 0
15396 0
15397 0
15398 0
15399 0
15400 0
15401 0
15402 0
15403 0
15404 0
15405 0
15406 0
15407 0
